8.231544458915474252e+02 5.138715524876779489e-10 5.984963715309133958e-01
5.968099905936931009e+02 1.650337411152358290e-11 5.350012581441654369e-01
1.037228400125623693e+03 3.918567669179753028e-10 6.336390793824149270e-01
1.335782609825499776e+03 4.102854653479413471e+00 6.702238780423310782e-01
1.551028985888005536e+03 8.254882120934732725e+00 6.900796223723265621e-01
1.297639158311744950e+03 4.301939104387125568e+00 6.429582123219189649e-01
1.020692854437164328e+03 1.155887413624307641e-11 5.729833731351406945e-01
1.234600338601345584e+03 4.257308379888838923e-01 6.119098202777698559e-01
8.612195776998521524e+02 1.225722168993290890e-08 5.394522927707107174e-01
1.258014278124415796e+03 4.403926060933494348e-13 5.558067886446034223e-01
1.318355242398626842e+03 1.099455340703971373e+01 6.444307968865774505e-01
1.284763598276074845e+03 4.286528430366121967e+00 6.804337893318687103e-01
1.084749455635856975e+03 5.389677842458377304e-11 6.187372111599247493e-01
1.044390817221461703e+03 5.112574204743047792e-11 6.023594428074156015e-01
1.062690097800867534e+03 2.854585422791742458e-10 5.946416017972993018e-01
5.804399601426571280e+02 6.455221131666978454e-08 4.546647896013703560e-01
1.021297294287758973e+03 1.771901481062471754e-09 6.161231298096050413e-01
9.568347944945610379e+02 2.602745729810923775e-08 5.981540870011627931e-01
1.095439049510232962e+03 1.724066355579848459e-13 5.381427852121771771e-01
1.097607300004173112e+03 6.479441916607412586e-13 5.885156462803076138e-01
9.657039998165407724e+02 2.928765469504913899e+00 6.702412579811012350e-01
1.055946534939973844e+03 2.060499873810502399e-08 6.499426764570588322e-01
1.077600792767157827e+03 5.819535537670001979e+00 7.780344096339074644e-01
1.113906194158237668e+03 9.192084270265947765e+00 7.999999999924737315e-01
9.781285513370689841e+02 1.537865003798638774e+01 7.999999998533126044e-01
1.128895763527657891e+03 3.714365623759541712e+00 6.742537709713407601e-01
1.177464587503421171e+03 1.144778126334901253e-09 5.885919504005876490e-01
9.956229680727125242e+02 8.864054013611266745e-09 5.227411338002366792e-01
8.842727403241447064e+02 1.106681726231955944e-13 5.219502969596206965e-01
2.078315223958336446e+03 2.268897993366772070e+01 7.411721086760545418e-01
9.984127211888754800e+02 1.900341986136301034e-10 5.617168287017507700e-01
1.116169617049542467e+03 1.798056171550713005e-09 6.099117996334036951e-01
0.000000000000000000e+00 0.000000000000000000e+00 0.000000000000000000e+00
9.481022659890149953e+02 1.475791210028028748e-11 5.598398671723719966e-01
1.123724144931882620e+03 5.361342613551479137e-10 6.012739364615908855e-01
1.244871694201453010e+03 2.073989123555725611e-09 6.241329827517169138e-01
1.215448935153088541e+03 3.175824003093953296e-01 6.338650212863048417e-01
1.156315389700791911e+03 5.194352796856429143e-10 5.928237004477052707e-01
1.022694275694843554e+03 4.629175327901257925e-09 5.364264889247390977e-01
6.810149056452548848e+02 1.584589584711771477e-08 5.386493669774675697e-01
9.882793357211545526e+02 1.416647610146189663e-09 6.388593309444319246e-01
1.012168550125217735e+03 8.149353140391973227e+00 7.999999995043883816e-01
9.555686657446902927e+02 2.821154924375004913e-11 7.141968279407990838e-01
9.116303155743147499e+02 4.201033787607378472e-12 6.681189541944270172e-01
7.945957634411183790e+02 2.116536533331756808e-10 6.396951687550564980e-01
7.895812985575596485e+02 6.054917511726723281e-11 6.322615215949051182e-01
7.305694083753918449e+02 4.220629937913120244e+00 6.037662511493600004e-01
7.914842353440770921e+02 4.403814165178390763e-10 5.234847181016847317e-01
1.441054479455819319e+03 7.485805021877612653e+00 6.560455201537394032e-01
1.443267915708262308e+03 1.157776018424992337e+01 6.715979544932199063e-01
1.154842013119661715e+03 1.128932217228065772e-11 5.943225470169486435e-01
1.118818288407193904e+03 4.289369360357443445e-13 5.989174001777097800e-01
1.199981565058593333e+03 3.861611103684960966e+00 6.638890381730658818e-01
1.264703718200340063e+03 3.599194222839486645e+00 6.612548174895651609e-01
9.120108721016758864e+02 5.351176336925892807e-09 5.465257157240004382e-01
7.609566828009477604e+02 6.009063365403847284e-09 5.111586588925191021e-01
1.173329328945017323e+03 4.906301536865650308e-06 6.107667157942355818e-01
1.425115317688290133e+03 6.488147684910194890e+00 6.465592035754428313e-01
1.071657117100754931e+03 3.480896148672643473e-08 6.296461169818360348e-01
8.878762875801386372e+02 8.180853051143090063e-14 6.127125490284845988e-01
9.973476939447900804e+02 1.138428606462671276e-13 6.338162242919311851e-01
1.072572765703212553e+03 3.208326165242065375e+00 7.403707359987675707e-01
1.038920346014844654e+03 6.750888522906188141e-08 6.915624645947712201e-01
9.878340898949868460e+02 3.063713786823302285e-14 6.379321109784407140e-01
1.045265161992095727e+03 3.020364519763073939e-10 6.437494974239126311e-01
1.022386418042478567e+03 5.384778486325063790e-13 6.547453603391418797e-01
8.054456579242176986e+02 8.476966708129482797e-10 6.224060280914424093e-01
1.050840402353958098e+03 5.723283681377646648e-01 6.780866105261569299e-01
1.095009401541255784e+03 1.647602567720857891e+01 6.833949490489913403e-01
1.463044760658776795e+03 9.216637210998078089e+00 6.283701126273724125e-01
1.271741157609430502e+03 4.160225782574508702e-10 6.074455341063664804e-01
1.162928837487276269e+03 1.050498109478670348e-10 5.854481179313353323e-01
1.227704959815198890e+03 3.227267584089563719e-11 6.262845985967731011e-01
1.036345697342637322e+03 3.128135576348642623e-08 6.254436327688380759e-01
1.084421552815969335e+03 6.664408662016391267e-13 5.919531677922180712e-01
1.507134962306860643e+03 5.682365897495080809e+00 6.999588411091640650e-01
9.982100538719498672e+02 1.043883262955705714e-10 5.659268256454471624e-01
1.300159435825969695e+03 8.357699378615714823e-10 6.075286713234632208e-01
8.672628191061372718e+02 1.032943839703058720e-08 5.649710674799361954e-01
1.107417563567842535e+03 1.143711330591982045e-11 6.370856428871466415e-01
8.312060205574828160e+02 1.425749149266493561e-08 5.903666570627540411e-01
8.336888117164226060e+02 3.106075854144293994e-11 6.611174133609905024e-01
1.107405077600607683e+03 1.203161394956692463e-10 6.729866768893588702e-01
9.775004443173226036e+02 8.713805309111560165e-13 5.922750453127167969e-01
1.070158025556026132e+03 1.271132889070558134e-09 6.124701349015897467e-01
1.086812280344668807e+03 1.744238411676091388e-07 6.305491552848296877e-01
9.876319585041234177e+02 1.504714267682588646e-12 6.351206422988131539e-01
9.937544730023282682e+02 7.152476084807998899e-08 6.655836351979682597e-01
1.059578073949937789e+03 9.428297464260182892e+00 7.158635571911315942e-01
8.388394854899786424e+02 2.611585632063370861e-11 4.493202943658827775e-01
1.202331180792086570e+03 1.088672125940875901e+01 7.999999998762195030e-01
8.278298888944915461e+02 2.398959967654995724e-11 6.506345135489333131e-01
9.131084779087824472e+02 1.824577530786495195e-12 6.703092938173010884e-01
6.139685623772113559e+02 6.820503166439461880e-12 5.770363662909528957e-01
8.289369185171809704e+02 7.934362153195529972e-11 6.471824877123287800e-01
1.003538575743459432e+03 7.098425601301478594e+00 7.474284339707347735e-01
1.420845663591199582e+03 1.042567534524643769e+01 7.533449451850779965e-01
1.215516748494188050e+03 6.790550696208043704e-12 5.660833701773803073e-01
1.331864572357019142e+03 2.339538277261536028e-11 6.117438964111440169e-01
9.075353644382335006e+02 1.278349823967395060e-11 5.571992054630344748e-01
1.111013285320539353e+03 1.320810088734912349e-12 5.925772420284455277e-01
1.550571028281860208e+03 8.723816414756411675e+00 7.999952277613308071e-01
1.134719782721668935e+03 1.603789054589976341e-08 6.339288268141036742e-01
1.119440437738724313e+03 2.106696400647526356e-12 6.187005113840096104e-01
8.280092011230477738e+02 1.401590074060227056e-08 5.379381019065490044e-01
1.218485288542774470e+03 5.006040756231328981e-07 6.196641980747813472e-01
1.136239349312665581e+03 7.718228929485830861e-12 6.283978593203054519e-01
9.926536216051233623e+02 2.071162588225558088e-07 6.545308494469395111e-01
1.253812897262869228e+03 1.503633031876218240e+01 7.389768370842220158e-01
1.051542578709909776e+03 3.113766153136108628e+01 7.999999981243379743e-01
1.116930757678425607e+03 4.139843225927795523e+00 7.941659502541758009e-01
1.184651590888192914e+03 8.957649153429702682e-07 7.164972570562225807e-01
7.496750665626406089e+02 8.289074730596760329e-11 6.196228094671210052e-01
8.570666057741104851e+02 8.786477902660770568e-20 6.618792826872690327e-01
8.238157083188204979e+02 7.141028892156264971e-10 6.050012867912487602e-01
9.984285813107878766e+02 1.370331835729578437e-10 6.680731482779630470e-01
7.598997677005236255e+02 1.318079173135042303e+01 7.059878951476380449e-01
1.160401293697155779e+03 5.890986388480158598e-12 5.595350434646250148e-01
1.639363373308480277e+03 8.484945166988064003e+00 6.473998336704990253e-01
9.760119406833422318e+02 5.251802950606921140e-12 5.634595406129109252e-01
1.230158079282975450e+03 4.518260836289708315e+00 6.561266060389217003e-01
1.149722007888643247e+03 2.498915776953634124e-11 5.785684495105559710e-01
1.077198081140249769e+03 1.422217586761868619e-09 5.815600954615028906e-01
9.503919411079123165e+02 7.364531177683900785e-12 5.678890309378606949e-01
5.653052084031315871e+02 5.646095664168298222e-07 4.475974106552692011e-01
1.035774056404803559e+03 5.100999807735281976e-08 5.819170164724846162e-01
9.276520339691543313e+02 2.864270448922329301e-08 5.819673073934807928e-01
1.025408120774850431e+03 6.404096139731051997e-08 6.129696248922793522e-01
1.268098233989910113e+03 1.150608455320151080e+01 6.935018630337614898e-01
1.006882636037118004e+03 1.631672365042275885e+01 7.999999996006572633e-01
9.542352944073689969e+02 5.203310902941260876e-12 7.064010745214528431e-01
9.807575787335340465e+02 6.740289698864023769e-09 6.317765780456862101e-01
1.166847347860837317e+03 1.427433220665281281e-11 6.399492284333979653e-01
9.517732611381177321e+02 7.190318721721982131e-09 5.997539997084361252e-01
1.022146610960688122e+03 5.429462025270298439e-10 6.136089682844605431e-01
8.667795986751442570e+02 1.578833941749075505e-08 6.121096311798982503e-01
3.362863936450173696e+02 3.364514472008076160e-08 3.734837483800191871e-01
9.752317785177679070e+02 1.414205952455373742e-12 5.827046344183857141e-01
1.432042632266194005e+03 6.542610434244846118e+00 6.802166071558191085e-01
1.307355685362379518e+03 1.806758511455056869e-09 6.008209230920805721e-01
9.791191862892360405e+02 1.999772234040111639e-10 6.011462762265165072e-01
1.105149614000616566e+03 3.152744532930180747e-10 5.858055533901214140e-01
1.243489535918055935e+03 4.620072623433789643e-07 5.315065889013129707e-01
1.116138469073299348e+03 7.269160453204086884e-11 5.468722914702048854e-01
1.026431673424486689e+03 2.219384174153962491e-09 5.887681151829505799e-01
9.834655379418492203e+02 6.609518473219072771e-11 5.896728464053232477e-01
1.052955556037936276e+03 6.336233660125895561e-14 6.050320309465294644e-01
1.118800107447146502e+03 3.322147325489415601e-09 6.154414425151016887e-01
0.000000000000000000e+00 0.000000000000000000e+00 0.000000000000000000e+00
7.207837665115118853e+02 1.848071916644198254e+01 7.999999999995722755e-01
8.412189781687502546e+02 2.832772891638949383e-09 6.580423093309236693e-01
9.134315347948204362e+02 2.012770657705088216e-10 6.202799212249836547e-01
1.091282516093410777e+03 5.329114383141448007e-09 6.423701945833923954e-01
1.034559345878572913e+03 1.768861073302105047e-10 6.041221804466500034e-01
1.050268955405864062e+03 8.057442667344004656e-07 6.316248420127266172e-01
9.058838037015240161e+02 4.272099940395995277e-01 6.004042398942521785e-01
1.117731083429024466e+03 3.977050626993285727e-07 5.901572500769710627e-01
9.496152516097974967e+02 4.500678526184865667e-13 6.053178293116643349e-01
9.535087034102376720e+02 2.439056897398900858e+00 6.404366929969164124e-01
0.000000000000000000e+00 0.000000000000000000e+00 0.000000000000000000e+00
1.223902564664140982e+03 4.116982995889297107e-10 6.398481223598599943e-01
1.196139440881510154e+03 5.237787821362183013e-11 6.170854387766832039e-01
8.093202185828217807e+02 1.872624776521205375e-10 5.264604450568293181e-01
1.067981139123156709e+03 1.032499368121275740e-11 5.489997434236302265e-01
0.000000000000000000e+00 0.000000000000000000e+00 0.000000000000000000e+00
1.025070296831513815e+03 1.462918898994648886e+00 5.763259130610460801e-01
8.022250751986334762e+02 6.423860314535732516e-12 5.559447606034364497e-01
9.520893568197157038e+02 8.072105773157160349e-12 5.924375826858411243e-01
1.309992593555459052e+03 4.809821382567310621e+01 7.999999999956921570e-01
7.766525500617182161e+02 1.682295000941883600e+01 7.999999992550803629e-01
9.627481987561194501e+02 3.348655787679431848e-05 7.019340771838145088e-01
9.488441499705744491e+02 4.970591446036218275e-10 6.449190066926031584e-01
9.189583045407471218e+02 1.254689030173011399e-09 5.968309560014639636e-01
1.016056976973167366e+03 5.631549075719744918e-12 6.064622060228267442e-01
6.723452717991539203e+02 2.425097959164920476e-09 5.270112428915600944e-01
1.129089503403417211e+03 3.349137965653263375e-08 5.810836019819696219e-01
1.034782683823566686e+03 1.754848458513581420e-12 5.971255361336256229e-01
1.012047702561377832e+03 3.675857498517004325e-12 6.292626165301060670e-01
1.008048316161738285e+03 4.376669295500613477e-05 6.675396272256648444e-01
9.897501174125454781e+02 3.469585405841590009e-13 6.001716358898794290e-01
1.145954997262035931e+03 2.608740366061941193e-11 5.976579095809151365e-01
1.204729087207733983e+03 6.395494660092760741e-12 6.040860626473535389e-01
1.110695618205607161e+03 1.134319941799477665e-09 6.005033067857704632e-01
1.106168416994988775e+03 4.044378077153145854e-08 6.102038310054765935e-01
9.071386044077465840e+02 2.482678015078089469e-13 5.566756091634177395e-01
9.306544054796318051e+02 8.347933846939467432e-15 5.084945590822933514e-01
8.632548251833477480e+02 4.392007730085466819e-10 5.032040967819800814e-01
8.748742513422004095e+02 4.344571890289220306e+00 4.963428490327905784e-01
1.703073300251874571e+03 5.739831997581497092e+01 7.473025734491075545e-01
1.863979699379519559e+02 2.228902212905392943e+01 7.999998715787047798e-01
7.475799960335370997e+02 1.039115662175610461e-09 6.539485616717101157e-01
1.055749813544874314e+03 9.781554548149282713e-01 7.016057641269549672e-01
8.211625916859590006e+02 7.084761635377194970e-08 6.053396176115003469e-01
1.116396259521331331e+03 1.039762413097649035e-10 6.021801451828464602e-01
1.179350589400988383e+03 5.533181552521717044e-06 5.800350180036989434e-01
8.491277538319312725e+02 1.767759622359329694e-11 5.389704542760834771e-01
0.000000000000000000e+00 0.000000000000000000e+00 0.000000000000000000e+00
6.144912566710617057e+02 9.965916820782057240e-08 5.077192704184255723e-01
8.761122104992227833e+02 1.905441744650884913e-13 6.103963259928779639e-01
1.259362969956596089e+03 9.526899783123820242e+00 7.178590626313905432e-01
1.361752204596617730e+03 7.618840102282602168e-11 6.067748908228376425e-01
1.147818862045380001e+03 4.935041405477319509e-11 5.657795704713818319e-01
1.025604797499659753e+03 1.938552158604734776e-08 5.463104398888168900e-01
1.009865906522168984e+03 7.946035602665402827e-09 5.701202719812836772e-01
9.502406998520557408e+02 1.645517811713736544e-11 5.710372367118153880e-01
9.683979840231303342e+02 1.780542290553120167e-10 5.434059528794101812e-01
8.350583532506750544e+02 3.452007785745582876e-10 4.799249043551270799e-01
1.010038311003465537e+03 3.394256829698609739e-06 4.706072112140985975e-01
1.528677695983166586e+03 5.406140176400882069e+01 6.730700283419730479e-01
6.121981673018043466e+02 1.755840275958648888e+01 7.999999999999775069e-01
7.449611047732682891e+02 9.397530203362059353e+00 7.436787826909848631e-01
8.751680966165788504e+02 3.502724521786920557e-07 6.413697566078844226e-01
1.090503886432224135e+03 1.851899790591881516e-06 5.966609267842017950e-01
1.078908015773270108e+03 1.368098671400115943e-08 5.984997923225009453e-01
9.326228119448693406e+02 1.480934870574772150e-08 5.813689297749717877e-01
1.198420110803851458e+03 4.620832679063876808e-10 6.164929159437454453e-01
1.209819430097021041e+03 3.776242739458781500e-10 6.310468762818524091e-01
1.181997065747571014e+03 2.020887114248268723e+00 6.676127140655625514e-01
6.418457122617163577e+02 1.393409980194003594e-10 5.468435962892742586e-01
1.200184263679439027e+03 2.748336024348700057e+00 6.816609247563539808e-01
9.007452982841628000e+02 1.589892887922279908e-09 4.793832651583328497e-01
1.326723240409318123e+03 1.782870005040697228e-06 5.753277120504781683e-01
1.213588063160402726e+03 3.542777971215593617e-07 5.968119342215599810e-01
9.987055562620223554e+02 1.841207459837649624e-11 5.664978189002465303e-01
1.018841187027730143e+03 1.974184224312635662e-09 5.719871994710643559e-01
1.076936890545725646e+03 1.095078404246574590e-08 5.802410667566564317e-01
6.878722264387006362e+02 2.516513473139742250e-10 5.850168323562744410e-01
6.659144998821524268e+02 9.383288656490144030e-11 7.042840181970024815e-01
5.798762919988920430e+02 1.723708924790646899e-09 7.555151886022288821e-01
0.000000000000000000e+00 0.000000000000000000e+00 0.000000000000000000e+00
1.016256895667850813e+03 7.258949583207737421e-07 6.349714854610934989e-01
9.039968315480880392e+02 2.087457470787450969e-11 6.059633955235601555e-01
7.484902133734293557e+02 1.287279052621508068e-11 5.800343179645697234e-01
1.114433622468053500e+03 1.306143041620989964e-11 6.381226313944213802e-01
1.182718834862563199e+03 8.276730272286855761e-11 6.367869375962564860e-01
1.040868041097054629e+03 4.469002294366573379e-09 6.185616557154374195e-01
9.360622548396446518e+02 2.397657750848589987e-13 5.849478726477690405e-01
9.401335632487899829e+02 1.170858506067502726e-09 6.017666898492075589e-01
8.706209648058069206e+02 3.148847343623344813e-11 6.344958058058238759e-01
8.933666147083255282e+02 3.366887490108781208e-13 5.811409125365408768e-01
1.119871623506641072e+03 1.282180555936934972e-11 5.460834365128489631e-01
1.143426895687170827e+03 1.487089751320736127e-07 5.547238112900726437e-01
1.136838842410453708e+03 5.613964511297715634e-09 5.786528163847173278e-01
1.126817507215261230e+03 8.590350129909600507e-11 5.358148013359849138e-01
9.706818473429742653e+02 6.997732817117190260e-08 5.473715476369662714e-01
8.411850681982130027e+02 7.549780985264178847e-10 6.028759643544894242e-01
6.717081033485178523e+02 3.250119900166305810e-09 7.218206594092825279e-01
2.581346069961449530e+02 7.940578975233987258e+00 7.999999999999878320e-01
1.000000154033263122e+01 6.039792941661646708e+00 7.999999996488118548e-01
1.372486957713999516e+02 1.110837680093059943e+00 5.944253202751879073e-01
8.655398773298851438e+02 2.837623298669108773e-09 6.252202156456205806e-01
9.854026378842313534e+02 6.018550520801989379e+00 7.036485113499106880e-01
9.151308703657590513e+02 2.956103235243330268e-12 6.514851736135029991e-01
9.959002145144025917e+02 1.390257506234555138e-13 6.400094561449215513e-01
1.042634950331950904e+03 1.063124582219980377e-12 6.019053411350191451e-01
1.250439119594245994e+03 1.221312239642452724e+00 6.435989627284592896e-01
1.024998894200842415e+03 2.745261106298022105e-14 6.020007752552833935e-01
1.124607098726433378e+03 3.123598361961404446e-09 6.276553328141628585e-01
1.047208122682299972e+03 1.765621129758250735e-07 6.253839822529579928e-01
1.150778289728455775e+03 6.343408519878662721e-05 6.117698683233130375e-01
1.341311970859384928e+03 2.481051448950709684e-11 5.962667768379911193e-01
1.229463896372360296e+03 1.349179152445689582e-09 5.734132346225853105e-01
8.457282895271940788e+02 2.959095765177179504e-13 4.476676808318395540e-01
7.552072297442873605e+02 3.867539136461415597e-09 4.048516129473391789e-01
8.021942018887216364e+02 1.063659139561014257e-08 5.825453394434112475e-01
6.840766871395015869e+02 1.338149033256857064e-08 6.226790067653936722e-01
4.558623484916313373e+02 6.317441744634553127e-14 5.472533465725297752e-01
1.096203138632806031e+03 5.119091340278866475e+00 6.586319533043160090e-01
4.753874307944846578e+02 7.603857651900493231e+00 7.999999999562017461e-01
4.487955551141185992e+02 1.145850332826936634e-12 7.840792794995135040e-01
7.014888940255203806e+02 3.335388160959422050e-10 7.999999999363818226e-01
9.246471386259132714e+02 2.186837267877646358e-11 5.831103881160607516e-01
9.662323798503790613e+02 3.428948093022885502e+00 6.794417716866175683e-01
9.506696469425410214e+02 1.625317040725275674e-07 6.249174562937918065e-01
1.174475667122004779e+03 1.582441639660429500e+00 6.289978229837419610e-01
8.587702746242296143e+02 9.331611146462345133e-11 5.056069090780046515e-01
9.412335811601819842e+02 1.388581414888068786e-11 5.573487454508065930e-01
1.147333959911891043e+03 4.662532469487667974e-11 6.378145514843497343e-01
1.064060143919496795e+03 9.602562493795047270e-13 6.292084183777559847e-01
1.111095853673867396e+03 4.433071642520776401e-10 5.733637350276631350e-01
1.064332579140382677e+03 8.394027985056364742e-11 5.104212360374046353e-01
1.102410328531370396e+03 3.367587244805284973e-14 4.988617791953676717e-01
1.217510711789227571e+03 5.294953998634803244e-07 4.988756643618371123e-01
1.116160244488793978e+03 3.825483526228074427e-07 5.477950677128701207e-01
1.023526052211626734e+03 2.397681906849037814e-10 6.501129521344855000e-01
7.406916733998791642e+02 2.994771561096029522e-11 6.831693551467402648e-01
1.115605237969747577e+03 1.370468469026428338e+01 7.999999999991951327e-01
1.136235248913012811e+03 1.577566161418387836e+01 7.728986209276820230e-01
1.036061756635094525e+03 1.463620376638521403e+00 6.687869842326346070e-01
6.829678764857374063e+01 5.615441973084218219e+00 7.999999999994796829e-01
6.676916328152732376e+02 1.232338496066621609e-14 7.999999999999836131e-01
1.082824388966273773e+03 3.836666352546378138e-13 6.247673465711793828e-01
9.299481823877426905e+02 2.608476815977395447e+00 5.924093638320337973e-01
7.985477879620375461e+02 1.315256849757135320e-11 5.849358032397292684e-01
1.114514389426029766e+03 1.951532824822226243e-08 6.061786875225559923e-01
8.512186436663104132e+02 1.586732195533338097e-08 5.080588786490140008e-01
1.217450276939395508e+03 3.863183936702053714e-10 6.076034286215503677e-01
1.134223263860221095e+03 7.130214722969335482e-12 6.236896161017468909e-01
9.936367466045065839e+02 6.452541818126638544e-09 5.788278077193579341e-01
1.169553200595975113e+03 1.022226735267287418e-09 5.632694658934919163e-01
1.007477703923938066e+03 4.895183490172507774e-11 4.817074120947402172e-01
1.199131266903742699e+03 1.990475106806446598e-12 4.884927413054571121e-01
9.140256467460927752e+02 1.537850886593391533e-13 4.637132582105534251e-01
1.213603338467403091e+03 4.265688984747745800e-08 5.883491733595381801e-01
7.186206893949080268e+02 2.263033829256667886e-11 5.698166982871760711e-01
3.082154681587223877e+02 5.537969834008518410e-10 4.753969604870960097e-01
8.188328253311353819e+02 2.682971781078511905e-07 5.304424451394117446e-01
9.980184690603259696e+02 5.681500849484284049e-12 5.433793181798932670e-01
8.295640460347443650e+02 9.939384730282119662e+00 6.011170000716288264e-01
1.980484361406354594e+02 5.714797484288583362e+00 7.999999999830885722e-01
7.415670619987572536e+02 1.253990338498369810e-09 7.861974182177018378e-01
9.605072738274086532e+02 3.751072461891765940e-09 6.298904515114605029e-01
1.158978935022654241e+03 2.134722168133243811e-13 5.631222713945185365e-01
9.451266063119684304e+02 3.553650059620261114e-13 5.841968852755700103e-01
8.434659330125995211e+02 2.813273729642198906e-12 5.299994424610586785e-01
1.216437680500030183e+03 3.198575832641110940e-10 5.977164442859422833e-01
1.233780874816088044e+03 1.466049250380261632e-05 6.020797926848295845e-01
1.271172905975511640e+03 2.306071319861137392e-08 5.923025873133821451e-01
1.163534251974327162e+03 1.144711816030314364e-08 5.427115778097499899e-01
1.187503751483043970e+03 2.980685462335792759e-07 6.060078068991449074e-01
1.228781718013878162e+03 2.837207142761762552e-09 5.033621734055440111e-01
1.305695463744000108e+03 8.639662725545865134e-09 4.848086339099141329e-01
1.127420165277093020e+03 1.000016792844557904e-12 5.342709260961789886e-01
9.703206213226681029e+02 3.673786307402456555e-08 5.777947179549592915e-01
7.283154724811525966e+02 3.148503064428348486e-08 5.719184675913244753e-01
8.284209678543656992e+02 1.977884951090067012e-12 6.247621632469273489e-01
1.035356760617736654e+03 1.770012189596240949e-08 5.147384795671445801e-01
1.191503317220144027e+03 1.486505473360774974e-08 4.790500266963403364e-01
9.081049186278604566e+02 3.661565898489734525e-08 5.183763687576479207e-01
1.659655826393093321e+02 6.955130178948087050e+00 5.303834571283726484e-01
8.440702518377481738e+02 6.420338751170201033e-10 7.528351454109788454e-01
1.009164332044919888e+03 1.235474566385247238e-08 6.504449695166899525e-01
1.148188283796988571e+03 2.235424173090675868e-13 5.655052336560418835e-01
1.046951381763205518e+03 5.549528418657338584e-15 5.204090473638183223e-01
1.264098713796684706e+03 2.977932082071370168e+00 5.778013429541051238e-01
1.241168275199752088e+03 4.620921214940352438e-08 5.582801320861415784e-01
1.417688650973906533e+03 2.940717830715392329e-09 5.805526539857677193e-01
7.642911947188597424e+02 3.024052470918837350e-11 4.958572393301075021e-01
8.372874089484581646e+02 1.953458321977686873e+00 5.814303926656740895e-01
9.134414609576989506e+02 9.703257792557820019e-13 5.862391458689479862e-01
0.000000000000000000e+00 0.000000000000000000e+00 0.000000000000000000e+00
1.084129522174185695e+03 3.565932447230042435e-01 5.502645212412242692e-01
1.293354784436134651e+03 1.063724954473987960e-12 5.633355237556326722e-01
1.164966563488414295e+03 9.139598796036980607e-08 5.729917239257145134e-01
8.864751661401345473e+02 9.524102367899472268e-12 6.035896385929796493e-01
5.762739059803648161e+02 2.751319650327665534e-09 5.887027061681129325e-01
9.051978413450615335e+02 3.639742081499738191e+01 7.999999999999999334e-01
1.408072763536745924e+03 1.357624037834006003e+01 4.927412975108559356e-01
9.663851533934174540e+02 5.124287932516222600e-09 5.174594524223580239e-01
7.108721149821208201e+02 1.290574508240164420e+01 7.999999999999972689e-01
7.462711079698937056e+02 4.793743282920840259e-11 6.642806422423636059e-01
7.217916104947818212e+02 2.345140863733633342e-07 5.321145464751193543e-01
9.537895421895356094e+02 1.163154324598915872e-08 5.372567432701704782e-01
1.137160301793899862e+03 1.883673422644635699e-10 5.005851582203338923e-01
5.462394651682874382e+02 1.134808691789312732e-11 3.298639678180712020e-01
1.127588037964033674e+03 3.361718424842523145e+00 5.880160505960114747e-01
5.238020654530484990e+02 6.406342549994355746e-12 4.601250624670955580e-01
9.467574921586157188e+02 3.821128342572376676e-12 5.883876984454665671e-01
1.087970839583026191e+03 1.103111190010307555e-10 6.407849725891829884e-01
9.981681654552176042e+02 1.526806985351565862e-07 6.337576715598913779e-01
8.982603957808655650e+02 1.501608448417882321e-10 5.033363767916237963e-01
8.979692341712039934e+02 5.893105490580302873e-09 5.160277209646654262e-01
8.972018764312645089e+02 4.854589630677932921e-13 5.030034696196964417e-01
1.097042200899650652e+03 1.674043045773459409e-08 5.750620896107865310e-01
9.470457828093839225e+02 1.886242229217507096e-12 6.415190527834996326e-01
6.166156493217541765e+02 1.282406668127482525e-07 6.192471579233570500e-01
5.386105842887806148e+02 2.780148535913050978e+01 7.999999820240932813e-01
1.289536239512442307e+03 3.564766074981314858e+01 7.867363930432315078e-01
1.226787396156831846e+03 4.587058001805436108e-10 6.112924576641253216e-01
3.491830057722915512e+02 1.379432811406247872e+01 7.999999999995052180e-01
9.375153485479875144e+02 1.162382060298373091e-09 6.888313836230395282e-01
1.122855733828353550e+03 7.502265856889353215e-08 5.829422845725066304e-01
1.042216319749800050e+03 6.099726730958828164e-09 5.112512798269566172e-01
1.205493590044589837e+03 6.295272825561560497e-09 4.723993908524393159e-01
0.000000000000000000e+00 0.000000000000000000e+00 0.000000000000000000e+00
0.000000000000000000e+00 0.000000000000000000e+00 0.000000000000000000e+00
7.031970879000358536e+02 4.865974241231142296e-09 5.073739528871017423e-01
8.794296792839965065e+02 5.305586959417103049e-08 5.622553563659962172e-01
1.139941900487751127e+03 1.515493872042262381e-10 6.155160794420094783e-01
1.026723705316791438e+03 1.185718209357908498e-13 6.495011837869346660e-01
1.101891811106064324e+03 3.517277634476742489e-12 5.904464174171185631e-01
8.628861856130254182e+02 8.460192823536272466e-09 5.822613774904736861e-01
9.173260819803180084e+02 3.905433583443039676e-13 5.403537024540973066e-01
1.194840842971054599e+03 6.002128119787200795e-07 5.490114941250634484e-01
7.768885785524608991e+02 5.777676422286396308e-11 4.997888507518752910e-01
7.785363893703789699e+02 2.691944455297511022e-11 6.094866925729556240e-01
9.534557965738447365e+02 3.648827484074713252e-09 5.778532440439553275e-01
1.174966608772631616e+03 5.688151180814822464e-10 6.598174752178527225e-01
1.036071654825804217e+03 1.778664380629743982e-10 6.121487296097685160e-01
1.083588044739375619e+03 5.074136263741082873e-08 6.498414004880715966e-01
0.000000000000000000e+00 0.000000000000000000e+00 0.000000000000000000e+00
1.417647000269661248e+03 1.943866528450086406e+01 7.794208090767772434e-01
8.841652397701609516e+02 2.091245572309726193e-13 5.257757362309009030e-01
9.891192212130271173e+02 5.221752095660187748e-11 5.171055816202464461e-01
5.587202171671031010e+02 9.100196170636325882e-07 3.720714517485059214e-01
9.871687768346641860e+02 8.949672764354030903e-07 6.008241697112913782e-01
1.027494095204241603e+03 1.011273764611843103e-09 6.058995303737811922e-01
1.171714090960100748e+03 4.731488268532519174e-08 6.101948610481794377e-01
1.095849001015900512e+03 8.169755963318564573e-11 6.300327186963833315e-01
1.095195594023672811e+03 4.890339768497321260e-10 6.521054697482171481e-01
